<ModelVisual3D.Children>
<GeometryModel3D>
<DiffuseMaterial>
<SolidColorBrush Color="#9EAD70" Opacity="1.0000"/>
</DiffuseMaterial>
<SpecularMaterial>
<SolidColorBrush Color="#000000" Opacity="1.0000"/>
</SpecularMaterial>
<AmbientMaterial>
<SolidColorBrush Color="#FFFFFF" Opacity="1.0000"/>
</AmbientMaterial>
<EmissionMaterial>
<SolidColorBrush Color="#000000" Opacity="1.0000"/>
</EmissionMaterial>
<MeshGeometry3D Positions="-1.8589,0,-0.24486 1.8589,0,-0.24486 1.875,0,2.2961E-16 1.875,25,2.2961E-16 1.875,0,2.2961E-16 1.8589,0,-0.24486 -1.875,0,-2.2961E-16 1.8589,0,0.24486 1.8589,25,0.24486 1.8589,0,0.24486 -1.8111,0,-0.48538 1.8111,0,-0.48538 1.8589,25,-0.24486 1.8111,0,-0.48538 -1.7322,0,-0.71758 1.7322,0,-0.71758 1.8111,25,-0.48538 1.7322,0,-0.71758 -1.6238,0,-0.93749 1.6238,0,-0.93749 1.7322,25,-0.71758 1.6238,0,-0.93749 -1.4876,0,-1.1414 1.4876,0,-1.1414 1.6238,25,-0.93749 1.4876,0,-1.1414 -1.3259,0,-1.3257 1.3259,0,-1.3257 1.4876,25,-1.1414 1.3259,0,-1.3257 -1.1415,0,-1.4875 1.1415,0,-1.4875 1.3259,25,-1.3257 1.1415,0,-1.4875 -0.9375,0,-1.6238 0.9375,0,-1.6238 1.1415,25,-1.4875 0.9375,0,-1.6238 -0.71745,0,-1.7323 0.71745,0,-1.7323 0.9375,25,-1.6238 0.71745,0,-1.7323 -0.48519,0,-1.8111 0.48519,0,-1.8111 0.71745,25,-1.7323 0.48519,0,-1.8111 -0.24467,0,-1.8589 0.24467,0,-1.8589 0.48519,25,-1.8111 0.24467,0,-1.8589 1.1102E-16,0,-1.875 0.24467,25,-1.8589 1.1102E-16,0,-1.875 1.1102E-16,25,-1.875 -0.24467,0,-1.8589 -0.24467,25,-1.8589 -0.48519,0,-1.8111 -0.48519,25,-1.8111 -0.71745,0,-1.7323 -0.71745,25,-1.7323 -0.9375,0,-1.6238 -0.9375,25,-1.6238 -1.1415,0,-1.4875 -1.1415,25,-1.4875 -1.3259,0,-1.3257 -1.3259,25,-1.3257 -1.4876,0,-1.1414 -1.4876,25,-1.1414 -1.6238,0,-0.93749 -1.6238,25,-0.93749 -1.7322,0,-0.71758 -1.7322,25,-0.71758 -1.8111,0,-0.48538 -1.8111,25,-0.48538 -1.8589,0,-0.24486 -1.8589,25,-0.24486 -1.875,0,-2.2961E-16 -1.8589,0,0.24486 -1.875,25,-2.2961E-16 -1.8589,0,0.24486 1.8111,0,0.48538 -1.8111,0,0.48538 -1.8589,25,0.24486 -1.8111,0,0.48538 1.7322,0,0.71758 -1.7322,0,0.71758 -1.8111,25,0.48538 -1.7322,0,0.71758 1.6238,0,0.93749 -1.6238,0,0.93749 -1.7322,25,0.71758 -1.6238,0,0.93749 1.4876,0,1.1414 -1.4876,0,1.1414 -1.6238,25,0.93749 -1.4876,0,1.1414 1.3259,0,1.3257 -1.3259,0,1.3257 -1.4876,25,1.1414 -1.3259,0,1.3257 1.1415,0,1.4875 -1.1415,0,1.4875 -1.3259,25,1.3257 -1.1415,0,1.4875 0.9375,0,1.6238 -0.9375,0,1.6238 -1.1415,25,1.4875 -0.9375,0,1.6238 0.71745,0,1.7323 -0.71745,0,1.7323 -0.9375,25,1.6238 -0.71745,0,1.7323 0.48519,0,1.8111 -0.48519,0,1.8111 -0.71745,25,1.7323 -0.48519,0,1.8111 0.24467,0,1.8589 -0.24467,0,1.8589 -0.48519,25,1.8111 -0.24467,0,1.8589 -3.5388E-16,0,1.875 -0.24467,25,1.8589 -3.5388E-16,0,1.875 -3.5388E-16,25,1.875 0.24467,0,1.8589 0.24467,25,1.8589 0.48519,0,1.8111 0.48519,25,1.8111 0.71745,0,1.7323 0.71745,25,1.7323 0.9375,0,1.6238 0.9375,25,1.6238 1.1415,0,1.4875 1.1415,25,1.4875 1.3259,0,1.3257 1.3259,25,1.3257 1.4876,0,1.1414 1.4876,25,1.1414 1.6238,0,0.93749 1.6238,25,0.93749 1.7322,0,0.71758 1.7322,25,0.71758 1.8111,0,0.48538 1.8111,25,0.48538 -1.8589,25,0.24486 1.8589,25,0.24486 1.875,25,2.2961E-16 -1.875,25,-2.2961E-16 1.8589,25,-0.24486 -1.8111,25,0.48538 1.8111,25,0.48538 -1.7322,25,0.71758 1.7322,25,0.71758 -1.6238,25,0.93749 1.6238,25,0.93749 -1.4876,25,1.1414 1.4876,25,1.1414 -1.3259,25,1.3257 1.3259,25,1.3257 -1.1415,25,1.4875 1.1415,25,1.4875 -0.9375,25,1.6238 0.9375,25,1.6238 -0.71745,25,1.7323 0.71745,25,1.7323 -0.48519,25,1.8111 0.48519,25,1.8111 -0.24467,25,1.8589 0.24467,25,1.8589 -3.5388E-16,25,1.875 -1.8589,25,-0.24486 1.8111,25,-0.48538 -1.8111,25,-0.48538 1.7322,25,-0.71758 -1.7322,25,-0.71758 1.6238,25,-0.93749 -1.6238,25,-0.93749 1.4876,25,-1.1414 -1.4876,25,-1.1414 1.3259,25,-1.3257 -1.3259,25,-1.3257 1.1415,25,-1.4875 -1.1415,25,-1.4875 0.9375,25,-1.6238 -0.9375,25,-1.6238 0.71745,25,-1.7323 -0.71745,25,-1.7323 0.48519,25,-1.8111 -0.48519,25,-1.8111 0.24467,25,-1.8589 -0.24467,25,-1.8589 1.1102E-16,25,-1.875 " Normals="0,-1,0 0,-1,0 0,-1,0 1,0,0 1,0,0 0.99144,0,-0.13053 0,-1,0 0,-1,0 0.99144,0,0.13053 0.99144,0,0.13053 0,-1,0 0,-1,0 0.99144,0,-0.13053 0.96593,0,-0.25882 0,-1,0 0,-1,0 0.96593,0,-0.25882 0.92388,0,-0.38268 0,-1,0 0,-1,0 0.92388,0,-0.38268 0.86603,0,-0.5 0,-1,0 0,-1,0 0.86603,0,-0.5 0.79335,0,-0.60876 0,-1,0 0,-1,0 0.79335,0,-0.60876 0.70711,0,-0.70711 0,-1,0 0,-1,0 0.70711,0,-0.70711 0.60876,0,-0.79335 0,-1,0 0,-1,0 0.60876,0,-0.79335 0.5,0,-0.86603 0,-1,0 0,-1,0 0.5,0,-0.86603 0.38268,0,-0.92388 0,-1,0 0,-1,0 0.38268,0,-0.92388 0.25882,0,-0.96593 0,-1,0 0,-1,0 0.25882,0,-0.96593 0.13053,0,-0.99144 0,-1,0 0.13053,0,-0.99144 6.123E-17,0,-1 6.123E-17,0,-1 -0.13053,0,-0.99144 -0.13053,0,-0.99144 -0.25882,0,-0.96593 -0.25882,0,-0.96593 -0.38268,0,-0.92388 -0.38268,0,-0.92388 -0.5,0,-0.86603 -0.5,0,-0.86603 -0.60876,0,-0.79335 -0.60876,0,-0.79335 -0.70711,0,-0.70711 -0.70711,0,-0.70711 -0.79335,0,-0.60876 -0.79335,0,-0.60876 -0.86603,0,-0.5 -0.86603,0,-0.5 -0.92388,0,-0.38268 -0.92388,0,-0.38268 -0.96593,0,-0.25882 -0.96593,0,-0.25882 -0.99144,0,-0.13053 -0.99144,0,-0.13053 -1,0,-1.2246E-16 0,-1,0 -1,0,-1.2246E-16 -0.99144,0,0.13053 0,-1,0 0,-1,0 -0.99144,0,0.13053 -0.96593,0,0.25882 0,-1,0 0,-1,0 -0.96593,0,0.25882 -0.92388,0,0.38268 0,-1,0 0,-1,0 -0.92388,0,0.38268 -0.86603,0,0.5 0,-1,0 0,-1,0 -0.86603,0,0.5 -0.79335,0,0.60876 0,-1,0 0,-1,0 -0.79335,0,0.60876 -0.70711,0,0.70711 0,-1,0 0,-1,0 -0.70711,0,0.70711 -0.60876,0,0.79335 0,-1,0 0,-1,0 -0.60876,0,0.79335 -0.5,0,0.86603 0,-1,0 0,-1,0 -0.5,0,0.86603 -0.38268,0,0.92388 0,-1,0 0,-1,0 -0.38268,0,0.92388 -0.25882,0,0.96593 0,-1,0 0,-1,0 -0.25882,0,0.96593 -0.13053,0,0.99144 0,-1,0 -0.13053,0,0.99144 -1.8369E-16,0,1 -1.8369E-16,0,1 0.13053,0,0.99144 0.13053,0,0.99144 0.25882,0,0.96593 0.25882,0,0.96593 0.38268,0,0.92388 0.38268,0,0.92388 0.5,0,0.86603 0.5,0,0.86603 0.60876,0,0.79335 0.60876,0,0.79335 0.70711,0,0.70711 0.70711,0,0.70711 0.79335,0,0.60876 0.79335,0,0.60876 0.86603,0,0.5 0.86603,0,0.5 0.92388,0,0.38268 0.92388,0,0.38268 0.96593,0,0.25882 0.96593,0,0.25882 0,1,0 0,1,0 0,1,0 0,1,0 0,1,0 0,1,0 0,1,0 0,1,0 0,1,0 0,1,0 0,1,0 0,1,0 0,1,0 0,1,0 0,1,0 0,1,0 0,1,0 0,1,0 0,1,0 0,1,0 0,1,0 0,1,0 0,1,0 0,1,0 0,1,0 0,1,0 0,1,0 0,1,0 0,1,0 0,1,0 0,1,0 0,1,0 0,1,0 0,1,0 0,1,0 0,1,0 0,1,0 0,1,0 0,1,0 0,1,0 0,1,0 0,1,0 0,1,0 0,1,0 0,1,0 0,1,0 0,1,0 0,1,0 " TriangleIndices="0,1,2 3,4,5 6,0,2 7,6,2 8,9,4 8,4,3 10,11,1 12,5,13 0,10,1 12,3,5 14,15,11 16,13,17 10,14,11 12,13,16 18,19,15 20,17,21 14,18,15 16,17,20 22,23,19 24,21,25 18,22,19 20,21,24 26,27,23 28,25,29 22,26,23 24,25,28 30,31,27 32,29,33 26,30,27 28,29,32 34,35,31 36,33,37 30,34,31 32,33,36 38,39,35 40,37,41 34,38,35 36,37,40 42,43,39 44,41,45 38,42,39 40,41,44 46,47,43 48,45,49 42,46,43 44,45,48 46,50,47 51,49,52 48,49,51 53,52,54 51,52,53 55,54,56 53,54,55 57,56,58 55,56,57 59,58,60 57,58,59 61,60,62 59,60,61 63,62,64 61,62,63 65,64,66 63,64,65 67,66,68 65,66,67 69,68,70 67,68,69 71,70,72 69,70,71 73,72,74 71,72,73 75,74,76 73,74,75 7,77,6 78,76,79 75,76,78 80,81,77 82,79,83 7,80,77 78,79,82 84,85,81 86,83,87 80,84,81 82,83,86 88,89,85 90,87,91 84,88,85 86,87,90 92,93,89 94,91,95 88,92,89 90,91,94 96,97,93 98,95,99 92,96,93 94,95,98 100,101,97 102,99,103 96,100,97 98,99,102 104,105,101 106,103,107 100,104,101 102,103,106 108,109,105 110,107,111 104,108,105 106,107,110 112,113,109 114,111,115 108,112,109 110,111,114 116,117,113 118,115,119 112,116,113 114,115,118 116,120,117 121,119,122 118,119,121 123,122,124 121,122,123 125,124,126 123,124,125 127,126,128 125,126,127 129,128,130 127,128,129 131,130,132 129,130,131 133,132,134 131,132,133 135,134,136 133,134,135 137,136,138 135,136,137 139,138,140 137,138,139 141,140,142 139,140,141 143,142,9 141,142,143 143,9,8 144,145,146 147,144,146 148,147,146 149,150,145 144,149,145 151,152,150 149,151,150 153,154,152 151,153,152 155,156,154 153,155,154 157,158,156 155,157,156 159,160,158 157,159,158 161,162,160 159,161,160 163,164,162 161,163,162 165,166,164 163,165,164 167,168,166 165,167,166 167,169,168 148,170,147 171,172,170 148,171,170 173,174,172 171,173,172 175,176,174 173,175,174 177,178,176 175,177,176 179,180,178 177,179,178 181,182,180 179,181,180 183,184,182 181,183,182 185,186,184 183,185,184 187,188,186 185,187,186 189,190,188 187,189,188 189,191,190 " />
</GeometryModel3D>
</ModelVisual3D.Children>
