<ModelVisual3D.Children>
<GeometryModel3D>
<DiffuseMaterial>
<SolidColorBrush Color="#00FF00" Opacity="1.0000"/>
</DiffuseMaterial>
<SpecularMaterial>
<SolidColorBrush Color="#000000" Opacity="1.0000"/>
</SpecularMaterial>
<AmbientMaterial>
<SolidColorBrush Color="#F40000" Opacity="1.0000"/>
</AmbientMaterial>
<EmissionMaterial>
<SolidColorBrush Color="#0000FF" Opacity="1.0000"/>
</EmissionMaterial>
<MeshGeometry3D Positions="-0.98769,0,-0.15641 0.98769,0,-0.15641 1,0,1.2246E-16 1,26,1.2246E-16 1,0,1.2246E-16 0.98769,0,-0.15641 -1,0,-1.2246E-16 0.98769,0,0.15641 0.98769,26,0.15641 0.98769,0,0.15641 -0.95107,0,-0.30898 0.95107,0,-0.30898 0.98769,26,-0.15641 0.95107,0,-0.30898 -0.89103,0,-0.45394 0.89103,0,-0.45394 0.95107,26,-0.30898 0.89103,0,-0.45394 -0.80904,0,-0.58774 0.80904,0,-0.58774 0.89103,26,-0.45394 0.80904,0,-0.58774 -0.70714,0,-0.70707 0.70714,0,-0.70707 0.80904,26,-0.58774 0.70714,0,-0.70707 -0.58782,0,-0.80898 0.58782,0,-0.80898 0.70714,26,-0.70707 0.58782,0,-0.80898 -0.45402,0,-0.89098 0.45402,0,-0.89098 0.58782,26,-0.80898 0.45402,0,-0.89098 -0.30904,0,-0.95104 0.30904,0,-0.95104 0.45402,26,-0.89098 0.30904,0,-0.95104 -0.15645,0,-0.98767 0.15645,0,-0.98767 0.30904,26,-0.95104 0.15645,0,-0.98767 6.5919E-17,0,-0.99999 0.15645,26,-0.98767 6.5919E-17,0,-0.99999 6.5919E-17,26,-0.99999 -0.15645,0,-0.98767 -0.15645,26,-0.98767 -0.30904,0,-0.95104 -0.30904,26,-0.95104 -0.45402,0,-0.89098 -0.45402,26,-0.89098 -0.58782,0,-0.80898 -0.58782,26,-0.80898 -0.70714,0,-0.70707 -0.70714,26,-0.70707 -0.80904,0,-0.58774 -0.80904,26,-0.58774 -0.89103,0,-0.45394 -0.89103,26,-0.45394 -0.95107,0,-0.30898 -0.95107,26,-0.30898 -0.98769,0,-0.15641 -0.98769,26,-0.15641 -1,0,-1.2246E-16 -0.98769,0,0.15641 -1,26,-1.2246E-16 -0.98769,0,0.15641 0.95107,0,0.30898 -0.95107,0,0.30898 -0.98769,26,0.15641 -0.95107,0,0.30898 0.89103,0,0.45394 -0.89103,0,0.45394 -0.95107,26,0.30898 -0.89103,0,0.45394 0.80904,0,0.58774 -0.80904,0,0.58774 -0.89103,26,0.45394 -0.80904,0,0.58774 0.70714,0,0.70707 -0.70714,0,0.70707 -0.80904,26,0.58774 -0.70714,0,0.70707 0.58782,0,0.80898 -0.58782,0,0.80898 -0.70714,26,0.70707 -0.58782,0,0.80898 0.45402,0,0.89098 -0.45402,0,0.89098 -0.58782,26,0.80898 -0.45402,0,0.89098 0.30904,0,0.95104 -0.30904,0,0.95104 -0.45402,26,0.89098 -0.30904,0,0.95104 0.15645,0,0.98767 -0.15645,0,0.98767 -0.30904,26,0.95104 -0.15645,0,0.98767 -1.8041E-16,0,0.99999 -0.15645,26,0.98767 -1.8041E-16,0,0.99999 -1.8041E-16,26,0.99999 0.15645,0,0.98767 0.15645,26,0.98767 0.30904,0,0.95104 0.30904,26,0.95104 0.45402,0,0.89098 0.45402,26,0.89098 0.58782,0,0.80898 0.58782,26,0.80898 0.70714,0,0.70707 0.70714,26,0.70707 0.80904,0,0.58774 0.80904,26,0.58774 0.89103,0,0.45394 0.89103,26,0.45394 0.95107,0,0.30898 0.95107,26,0.30898 -0.98769,26,0.15641 0.98769,26,0.15641 1,26,1.2246E-16 -1,26,-1.2246E-16 0.98769,26,-0.15641 -0.95107,26,0.30898 0.95107,26,0.30898 -0.89103,26,0.45394 0.89103,26,0.45394 -0.80904,26,0.58774 0.80904,26,0.58774 -0.70714,26,0.70707 0.70714,26,0.70707 -0.58782,26,0.80898 0.58782,26,0.80898 -0.45402,26,0.89098 0.45402,26,0.89098 -0.30904,26,0.95104 0.30904,26,0.95104 -0.15645,26,0.98767 0.15645,26,0.98767 -1.8041E-16,26,0.99999 -0.98769,26,-0.15641 0.95107,26,-0.30898 -0.95107,26,-0.30898 0.89103,26,-0.45394 -0.89103,26,-0.45394 0.80904,26,-0.58774 -0.80904,26,-0.58774 0.70714,26,-0.70707 -0.70714,26,-0.70707 0.58782,26,-0.80898 -0.58782,26,-0.80898 0.45402,26,-0.89098 -0.45402,26,-0.89098 0.30904,26,-0.95104 -0.30904,26,-0.95104 0.15645,26,-0.98767 -0.15645,26,-0.98767 6.5919E-17,26,-0.99999 " Normals="0,-1,0 0,-1,0 0,-1,0 1,0,0 1,0,0 0.98769,0,-0.15643 0,-1,0 0,-1,0 0.98769,0,0.15643 0.98769,0,0.15643 0,-1,0 0,-1,0 0.98769,0,-0.15643 0.95106,0,-0.30902 0,-1,0 0,-1,0 0.95106,0,-0.30902 0.89101,0,-0.45399 0,-1,0 0,-1,0 0.89101,0,-0.45399 0.80902,0,-0.58779 0,-1,0 0,-1,0 0.80902,0,-0.58779 0.70711,0,-0.70711 0,-1,0 0,-1,0 0.70711,0,-0.70711 0.58779,0,-0.80902 0,-1,0 0,-1,0 0.58779,0,-0.80902 0.45399,0,-0.89101 0,-1,0 0,-1,0 0.45399,0,-0.89101 0.30902,0,-0.95106 0,-1,0 0,-1,0 0.30902,0,-0.95106 0.15643,0,-0.98769 0,-1,0 0.15643,0,-0.98769 6.123E-17,0,-1 6.123E-17,0,-1 -0.15643,0,-0.98769 -0.15643,0,-0.98769 -0.30902,0,-0.95106 -0.30902,0,-0.95106 -0.45399,0,-0.89101 -0.45399,0,-0.89101 -0.58779,0,-0.80902 -0.58779,0,-0.80902 -0.70711,0,-0.70711 -0.70711,0,-0.70711 -0.80902,0,-0.58779 -0.80902,0,-0.58779 -0.89101,0,-0.45399 -0.89101,0,-0.45399 -0.95106,0,-0.30902 -0.95106,0,-0.30902 -0.98769,0,-0.15643 -0.98769,0,-0.15643 -1,0,-1.2246E-16 0,-1,0 -1,0,-1.2246E-16 -0.98769,0,0.15643 0,-1,0 0,-1,0 -0.98769,0,0.15643 -0.95106,0,0.30902 0,-1,0 0,-1,0 -0.95106,0,0.30902 -0.89101,0,0.45399 0,-1,0 0,-1,0 -0.89101,0,0.45399 -0.80902,0,0.58779 0,-1,0 0,-1,0 -0.80902,0,0.58779 -0.70711,0,0.70711 0,-1,0 0,-1,0 -0.70711,0,0.70711 -0.58779,0,0.80902 0,-1,0 0,-1,0 -0.58779,0,0.80902 -0.45399,0,0.89101 0,-1,0 0,-1,0 -0.45399,0,0.89101 -0.30902,0,0.95106 0,-1,0 0,-1,0 -0.30902,0,0.95106 -0.15643,0,0.98769 0,-1,0 -0.15643,0,0.98769 -1.8369E-16,0,1 -1.8369E-16,0,1 0.15643,0,0.98769 0.15643,0,0.98769 0.30902,0,0.95106 0.30902,0,0.95106 0.45399,0,0.89101 0.45399,0,0.89101 0.58779,0,0.80902 0.58779,0,0.80902 0.70711,0,0.70711 0.70711,0,0.70711 0.80902,0,0.58779 0.80902,0,0.58779 0.89101,0,0.45399 0.89101,0,0.45399 0.95106,0,0.30902 0.95106,0,0.30902 0,1,0 0,1,0 0,1,0 0,1,0 0,1,0 0,1,0 0,1,0 0,1,0 0,1,0 0,1,0 0,1,0 0,1,0 0,1,0 0,1,0 0,1,0 0,1,0 0,1,0 0,1,0 0,1,0 0,1,0 0,1,0 0,1,0 0,1,0 0,1,0 0,1,0 0,1,0 0,1,0 0,1,0 0,1,0 0,1,0 0,1,0 0,1,0 0,1,0 0,1,0 0,1,0 0,1,0 0,1,0 0,1,0 0,1,0 0,1,0 " TriangleIndices="0,1,2 3,4,5 6,0,2 7,6,2 8,9,4 8,4,3 10,11,1 12,5,13 0,10,1 12,3,5 14,15,11 16,13,17 10,14,11 12,13,16 18,19,15 20,17,21 14,18,15 16,17,20 22,23,19 24,21,25 18,22,19 20,21,24 26,27,23 28,25,29 22,26,23 24,25,28 30,31,27 32,29,33 26,30,27 28,29,32 34,35,31 36,33,37 30,34,31 32,33,36 38,39,35 40,37,41 34,38,35 36,37,40 38,42,39 43,41,44 40,41,43 45,44,46 43,44,45 47,46,48 45,46,47 49,48,50 47,48,49 51,50,52 49,50,51 53,52,54 51,52,53 55,54,56 53,54,55 57,56,58 55,56,57 59,58,60 57,58,59 61,60,62 59,60,61 63,62,64 61,62,63 7,65,6 66,64,67 63,64,66 68,69,65 70,67,71 7,68,65 66,67,70 72,73,69 74,71,75 68,72,69 70,71,74 76,77,73 78,75,79 72,76,73 74,75,78 80,81,77 82,79,83 76,80,77 78,79,82 84,85,81 86,83,87 80,84,81 82,83,86 88,89,85 90,87,91 84,88,85 86,87,90 92,93,89 94,91,95 88,92,89 90,91,94 96,97,93 98,95,99 92,96,93 94,95,98 96,100,97 101,99,102 98,99,101 103,102,104 101,102,103 105,104,106 103,104,105 107,106,108 105,106,107 109,108,110 107,108,109 111,110,112 109,110,111 113,112,114 111,112,113 115,114,116 113,114,115 117,116,118 115,116,117 119,118,9 117,118,119 119,9,8 120,121,122 123,120,122 124,123,122 125,126,121 120,125,121 127,128,126 125,127,126 129,130,128 127,129,128 131,132,130 129,131,130 133,134,132 131,133,132 135,136,134 133,135,134 137,138,136 135,137,136 139,140,138 137,139,138 139,141,140 124,142,123 143,144,142 124,143,142 145,146,144 143,145,144 147,148,146 145,147,146 149,150,148 147,149,148 151,152,150 149,151,150 153,154,152 151,153,152 155,156,154 153,155,154 157,158,156 155,157,156 157,159,158 " />
</GeometryModel3D>
</ModelVisual3D.Children>
