<ModelVisual3D.Children>
<GeometryModel3D>
<DiffuseMaterial>
<SolidColorBrush Color="#00FF00" Opacity="1.0000"/>
</DiffuseMaterial>
<SpecularMaterial>
<SolidColorBrush Color="#000000" Opacity="1.0000"/>
</SpecularMaterial>
<AmbientMaterial>
<SolidColorBrush Color="#00FF00" Opacity="1.0000"/>
</AmbientMaterial>
<EmissionMaterial>
<SolidColorBrush Color="#FF0000" Opacity="1.0000"/>
</EmissionMaterial>
<MeshGeometry3D Positions="-0.98637,0,-0.16455 0.98637,0,-0.16455 1,0,1.2246E-16 1,26.72,1.2246E-16 1,0,1.2246E-16 0.98637,0,-0.16455 -1,0,-1.2246E-16 0.98637,0,0.16455 0.98637,26.72,0.16455 0.98637,0,0.16455 -0.94583,0,-0.32465 0.94583,0,-0.32465 0.98637,26.72,-0.16455 0.94583,0,-0.32465 -0.87949,0,-0.4759 0.87949,0,-0.4759 0.94583,26.72,-0.32465 0.87949,0,-0.4759 -0.78914,0,-0.61419 0.78914,0,-0.61419 0.87949,26.72,-0.4759 0.78914,0,-0.61419 -0.67727,0,-0.73572 0.67727,0,-0.73572 0.78914,26.72,-0.61419 0.67727,0,-0.73572 -0.54691,0,-0.83718 0.54691,0,-0.83718 0.67727,26.72,-0.73572 0.54691,0,-0.83718 -0.40165,0,-0.91579 0.40165,0,-0.91579 0.54691,26.72,-0.83718 0.40165,0,-0.91579 -0.24544,0,-0.96941 0.24544,0,-0.96941 0.40165,26.72,-0.91579 0.24544,0,-0.96941 -0.082555,0,-0.99659 0.082555,0,-0.99659 0.24544,26.72,-0.96941 0.082555,0,-0.99659 0.082555,26.72,-0.99659 -0.082555,0,-0.99659 -0.082555,26.72,-0.99659 -0.24544,0,-0.96941 -0.24544,26.72,-0.96941 -0.40165,0,-0.91579 -0.40165,26.72,-0.91579 -0.54691,0,-0.83718 -0.54691,26.72,-0.83718 -0.67727,0,-0.73572 -0.67727,26.72,-0.73572 -0.78914,0,-0.61419 -0.78914,26.72,-0.61419 -0.87949,0,-0.4759 -0.87949,26.72,-0.4759 -0.94583,0,-0.32465 -0.94583,26.72,-0.32465 -0.98637,0,-0.16455 -0.98637,26.72,-0.16455 -1,0,-1.2246E-16 -0.98637,0,0.16455 -1,26.72,-1.2246E-16 -0.98637,0,0.16455 0.94583,0,0.32465 -0.94583,0,0.32465 -0.98637,26.72,0.16455 -0.94583,0,0.32465 0.87949,0,0.4759 -0.87949,0,0.4759 -0.94583,26.72,0.32465 -0.87949,0,0.4759 0.78914,0,0.61419 -0.78914,0,0.61419 -0.87949,26.72,0.4759 -0.78914,0,0.61419 0.67727,0,0.73572 -0.67727,0,0.73572 -0.78914,26.72,0.61419 -0.67727,0,0.73572 0.54691,0,0.83718 -0.54691,0,0.83718 -0.67727,26.72,0.73572 -0.54691,0,0.83718 0.40165,0,0.91579 -0.40165,0,0.91579 -0.54691,26.72,0.83718 -0.40165,0,0.91579 0.24544,0,0.96941 -0.24544,0,0.96941 -0.40165,26.72,0.91579 -0.24544,0,0.96941 0.082555,0,0.99659 -0.082555,0,0.99659 -0.24544,26.72,0.96941 -0.082555,0,0.99659 -0.082555,26.72,0.99659 0.082555,0,0.99659 0.082555,26.72,0.99659 0.24544,0,0.96941 0.24544,26.72,0.96941 0.40165,0,0.91579 0.40165,26.72,0.91579 0.54691,0,0.83718 0.54691,26.72,0.83718 0.67727,0,0.73572 0.67727,26.72,0.73572 0.78914,0,0.61419 0.78914,26.72,0.61419 0.87949,0,0.4759 0.87949,26.72,0.4759 0.94583,0,0.32465 0.94583,26.72,0.32465 -0.98637,26.72,0.16455 0.98637,26.72,0.16455 1,26.72,1.2246E-16 -1,26.72,-1.2246E-16 0.98637,26.72,-0.16455 -0.94583,26.72,0.32465 0.94583,26.72,0.32465 -0.87949,26.72,0.4759 0.87949,26.72,0.4759 -0.78914,26.72,0.61419 0.78914,26.72,0.61419 -0.67727,26.72,0.73572 0.67727,26.72,0.73572 -0.54691,26.72,0.83718 0.54691,26.72,0.83718 -0.40165,26.72,0.91579 0.40165,26.72,0.91579 -0.24544,26.72,0.96941 0.24544,26.72,0.96941 -0.082555,26.72,0.99659 0.082555,26.72,0.99659 -0.98637,26.72,-0.16455 0.94583,26.72,-0.32465 -0.94583,26.72,-0.32465 0.87949,26.72,-0.4759 -0.87949,26.72,-0.4759 0.78914,26.72,-0.61419 -0.78914,26.72,-0.61419 0.67727,26.72,-0.73572 -0.67727,26.72,-0.73572 0.54691,26.72,-0.83718 -0.54691,26.72,-0.83718 0.40165,26.72,-0.91579 -0.40165,26.72,-0.91579 0.24544,26.72,-0.96941 -0.24544,26.72,-0.96941 0.082555,26.72,-0.99659 -0.082555,26.72,-0.99659 " Normals="0,-1,0 0,-1,0 0,-1,0 1,0,0 1,0,0 0.98636,0,-0.16459 0,-1,0 0,-1,0 0.98636,0,0.16459 0.98636,0,0.16459 0,-1,0 0,-1,0 0.98636,0,-0.16459 0.94582,0,-0.3247 0,-1,0 0,-1,0 0.94582,0,-0.3247 0.87947,0,-0.47595 0,-1,0 0,-1,0 0.87947,0,-0.47595 0.78914,0,-0.61421 0,-1,0 0,-1,0 0.78914,0,-0.61421 0.67728,0,-0.73572 0,-1,0 0,-1,0 0.67728,0,-0.73572 0.54695,0,-0.83717 0,-1,0 0,-1,0 0.54695,0,-0.83717 0.4017,0,-0.91577 0,-1,0 0,-1,0 0.4017,0,-0.91577 0.24549,0,-0.9694 0,-1,0 0,-1,0 0.24549,0,-0.9694 0.082579,0,-0.99658 0.082579,0,-0.99658 -0.082579,0,-0.99658 -0.082579,0,-0.99658 -0.24549,0,-0.9694 -0.24549,0,-0.9694 -0.4017,0,-0.91577 -0.4017,0,-0.91577 -0.54695,0,-0.83717 -0.54695,0,-0.83717 -0.67728,0,-0.73572 -0.67728,0,-0.73572 -0.78914,0,-0.61421 -0.78914,0,-0.61421 -0.87947,0,-0.47595 -0.87947,0,-0.47595 -0.94582,0,-0.3247 -0.94582,0,-0.3247 -0.98636,0,-0.16459 -0.98636,0,-0.16459 -1,0,-1.2246E-16 0,-1,0 -1,0,-1.2246E-16 -0.98636,0,0.16459 0,-1,0 0,-1,0 -0.98636,0,0.16459 -0.94582,0,0.3247 0,-1,0 0,-1,0 -0.94582,0,0.3247 -0.87947,0,0.47595 0,-1,0 0,-1,0 -0.87947,0,0.47595 -0.78914,0,0.61421 0,-1,0 0,-1,0 -0.78914,0,0.61421 -0.67728,0,0.73572 0,-1,0 0,-1,0 -0.67728,0,0.73572 -0.54695,0,0.83717 0,-1,0 0,-1,0 -0.54695,0,0.83717 -0.4017,0,0.91577 0,-1,0 0,-1,0 -0.4017,0,0.91577 -0.24549,0,0.9694 0,-1,0 0,-1,0 -0.24549,0,0.9694 -0.082579,0,0.99658 -0.082579,0,0.99658 0.082579,0,0.99658 0.082579,0,0.99658 0.24549,0,0.9694 0.24549,0,0.9694 0.4017,0,0.91577 0.4017,0,0.91577 0.54695,0,0.83717 0.54695,0,0.83717 0.67728,0,0.73572 0.67728,0,0.73572 0.78914,0,0.61421 0.78914,0,0.61421 0.87947,0,0.47595 0.87947,0,0.47595 0.94582,0,0.3247 0.94582,0,0.3247 0,1,0 0,1,0 0,1,0 0,1,0 0,1,0 0,1,0 0,1,0 0,1,0 0,1,0 0,1,0 0,1,0 0,1,0 0,1,0 0,1,0 0,1,0 0,1,0 0,1,0 0,1,0 0,1,0 0,1,0 0,1,0 0,1,0 0,1,0 0,1,0 0,1,0 0,1,0 0,1,0 0,1,0 0,1,0 0,1,0 0,1,0 0,1,0 0,1,0 0,1,0 0,1,0 0,1,0 0,1,0 0,1,0 " TriangleIndices="0,1,2 3,4,5 6,0,2 7,6,2 8,9,4 8,4,3 10,11,1 12,5,13 0,10,1 12,3,5 14,15,11 16,13,17 10,14,11 12,13,16 18,19,15 20,17,21 14,18,15 16,17,20 22,23,19 24,21,25 18,22,19 20,21,24 26,27,23 28,25,29 22,26,23 24,25,28 30,31,27 32,29,33 26,30,27 28,29,32 34,35,31 36,33,37 30,34,31 32,33,36 38,39,35 40,37,41 34,38,35 36,37,40 42,41,43 40,41,42 44,43,45 42,43,44 46,45,47 44,45,46 48,47,49 46,47,48 50,49,51 48,49,50 52,51,53 50,51,52 54,53,55 52,53,54 56,55,57 54,55,56 58,57,59 56,57,58 60,59,61 58,59,60 7,62,6 63,61,64 60,61,63 65,66,62 67,64,68 7,65,62 63,64,67 69,70,66 71,68,72 65,69,66 67,68,71 73,74,70 75,72,76 69,73,70 71,72,75 77,78,74 79,76,80 73,77,74 75,76,79 81,82,78 83,80,84 77,81,78 79,80,83 85,86,82 87,84,88 81,85,82 83,84,87 89,90,86 91,88,92 85,89,86 87,88,91 93,94,90 95,92,96 89,93,90 91,92,95 97,96,98 95,96,97 99,98,100 97,98,99 101,100,102 99,100,101 103,102,104 101,102,103 105,104,106 103,104,105 107,106,108 105,106,107 109,108,110 107,108,109 111,110,112 109,110,111 113,112,9 111,112,113 113,9,8 114,115,116 117,114,116 118,117,116 119,120,115 114,119,115 121,122,120 119,121,120 123,124,122 121,123,122 125,126,124 123,125,124 127,128,126 125,127,126 129,130,128 127,129,128 131,132,130 129,131,130 133,134,132 131,133,132 118,135,117 136,137,135 118,136,135 138,139,137 136,138,137 140,141,139 138,140,139 142,143,141 140,142,141 144,145,143 142,144,143 146,147,145 144,146,145 148,149,147 146,148,147 150,151,149 148,150,149 " />
</GeometryModel3D>
</ModelVisual3D.Children>
