<ModelVisual3D.Children>
<GeometryModel3D>
<DiffuseMaterial>
<SolidColorBrush Color="#FF0000" Opacity="1.0000"/>
</DiffuseMaterial>
<SpecularMaterial>
<SolidColorBrush Color="#000000" Opacity="1.0000"/>
</SpecularMaterial>
<AmbientMaterial>
<SolidColorBrush Color="#050000" Opacity="1.0000"/>
</AmbientMaterial>
<EmissionMaterial>
<SolidColorBrush Color="#00FFFF" Opacity="1.0000"/>
</EmissionMaterial>
<MeshGeometry3D Positions="-2.1052,0,-0.28946 2.1052,0,-0.28946 2.125,0,2.6023E-16 2.125,26,2.6023E-16 2.125,0,2.6023E-16 2.1052,0,-0.28946 -2.125,0,-2.6023E-16 2.1052,0,0.28946 2.1052,26,0.28946 2.1052,0,0.28946 -2.0462,0,-0.57342 2.0462,0,-0.57342 2.1052,26,-0.28946 2.0462,0,-0.57342 -1.949,0,-0.8467 1.949,0,-0.8467 2.0462,26,-0.57342 1.949,0,-0.8467 -1.8156,0,-1.1042 1.8156,0,-1.1042 1.949,26,-0.8467 1.8156,0,-1.1042 -1.6483,0,-1.3411 1.6483,0,-1.3411 1.8156,26,-1.1042 1.6483,0,-1.3411 -1.4504,0,-1.553 1.4504,0,-1.553 1.6483,26,-1.3411 1.4504,0,-1.553 -1.2255,0,-1.736 1.2255,0,-1.736 1.4504,26,-1.553 1.2255,0,-1.736 -0.97772,0,-1.8867 0.97772,0,-1.8867 1.2255,26,-1.736 0.97772,0,-1.8867 -0.71172,0,-2.0023 0.71172,0,-2.0023 0.97772,26,-1.8867 0.71172,0,-2.0023 -0.43244,0,-2.0805 0.43244,0,-2.0805 0.71172,26,-2.0023 0.43244,0,-2.0805 -0.14506,0,-2.12 0.14506,0,-2.12 0.43244,26,-2.0805 0.14506,0,-2.12 0.14506,26,-2.12 -0.14506,0,-2.12 -0.14506,26,-2.12 -0.43244,0,-2.0805 -0.43244,26,-2.0805 -0.71172,0,-2.0023 -0.71172,26,-2.0023 -0.97772,0,-1.8867 -0.97772,26,-1.8867 -1.2255,0,-1.736 -1.2255,26,-1.736 -1.4504,0,-1.553 -1.4504,26,-1.553 -1.6483,0,-1.3411 -1.6483,26,-1.3411 -1.8156,0,-1.1042 -1.8156,26,-1.1042 -1.949,0,-0.8467 -1.949,26,-0.8467 -2.0462,0,-0.57342 -2.0462,26,-0.57342 -2.1052,0,-0.28946 -2.1052,26,-0.28946 -2.125,0,-2.6023E-16 -2.1052,0,0.28946 -2.125,26,-2.6023E-16 -2.1052,0,0.28946 2.0462,0,0.57342 -2.0462,0,0.57342 -2.1052,26,0.28946 -2.0462,0,0.57342 1.949,0,0.8467 -1.949,0,0.8467 -2.0462,26,0.57342 -1.949,0,0.8467 1.8156,0,1.1042 -1.8156,0,1.1042 -1.949,26,0.8467 -1.8156,0,1.1042 1.6483,0,1.3411 -1.6483,0,1.3411 -1.8156,26,1.1042 -1.6483,0,1.3411 1.4504,0,1.553 -1.4504,0,1.553 -1.6483,26,1.3411 -1.4504,0,1.553 1.2255,0,1.736 -1.2255,0,1.736 -1.4504,26,1.553 -1.2255,0,1.736 0.97772,0,1.8867 -0.97772,0,1.8867 -1.2255,26,1.736 -0.97772,0,1.8867 0.71172,0,2.0023 -0.71172,0,2.0023 -0.97772,26,1.8867 -0.71172,0,2.0023 0.43244,0,2.0805 -0.43244,0,2.0805 -0.71172,26,2.0023 -0.43244,0,2.0805 0.14506,0,2.12 -0.14506,0,2.12 -0.43244,26,2.0805 -0.14506,0,2.12 -0.14506,26,2.12 0.14506,0,2.12 0.14506,26,2.12 0.43244,0,2.0805 0.43244,26,2.0805 0.71172,0,2.0023 0.71172,26,2.0023 0.97772,0,1.8867 0.97772,26,1.8867 1.2255,0,1.736 1.2255,26,1.736 1.4504,0,1.553 1.4504,26,1.553 1.6483,0,1.3411 1.6483,26,1.3411 1.8156,0,1.1042 1.8156,26,1.1042 1.949,0,0.8467 1.949,26,0.8467 2.0462,0,0.57342 2.0462,26,0.57342 -2.1052,26,0.28946 2.1052,26,0.28946 2.125,26,2.6023E-16 -2.125,26,-2.6023E-16 2.1052,26,-0.28946 -2.0462,26,0.57342 2.0462,26,0.57342 -1.949,26,0.8467 1.949,26,0.8467 -1.8156,26,1.1042 1.8156,26,1.1042 -1.6483,26,1.3411 1.6483,26,1.3411 -1.4504,26,1.553 1.4504,26,1.553 -1.2255,26,1.736 1.2255,26,1.736 -0.97772,26,1.8867 0.97772,26,1.8867 -0.71172,26,2.0023 0.71172,26,2.0023 -0.43244,26,2.0805 0.43244,26,2.0805 -0.14506,26,2.12 0.14506,26,2.12 -2.1052,26,-0.28946 2.0462,26,-0.57342 -2.0462,26,-0.57342 1.949,26,-0.8467 -1.949,26,-0.8467 1.8156,26,-1.1042 -1.8156,26,-1.1042 1.6483,26,-1.3411 -1.6483,26,-1.3411 1.4504,26,-1.553 -1.4504,26,-1.553 1.2255,26,-1.736 -1.2255,26,-1.736 0.97772,26,-1.8867 -0.97772,26,-1.8867 0.71172,26,-2.0023 -0.71172,26,-2.0023 0.43244,26,-2.0805 -0.43244,26,-2.0805 0.14506,26,-2.12 -0.14506,26,-2.12 " Normals="0,-1,0 0,-1,0 0,-1,0 1,0,0 1,0,0 0.99069,0,-0.13617 0,-1,0 0,-1,0 0.99069,0,0.13617 0.99069,0,0.13617 0,-1,0 0,-1,0 0.99069,0,-0.13617 0.96292,0,-0.2698 0,-1,0 0,-1,0 0.96292,0,-0.2698 0.91721,0,-0.3984 0,-1,0 0,-1,0 0.91721,0,-0.3984 0.85442,0,-0.51958 0,-1,0 0,-1,0 0.85442,0,-0.51958 0.77571,0,-0.63109 0,-1,0 0,-1,0 0.77571,0,-0.63109 0.68255,0,-0.73084 0,-1,0 0,-1,0 0.68255,0,-0.73084 0.57668,0,-0.81697 0,-1,0 0,-1,0 0.57668,0,-0.81697 0.46007,0,-0.88789 0,-1,0 0,-1,0 0.46007,0,-0.88789 0.33488,0,-0.94226 0,-1,0 0,-1,0 0.33488,0,-0.94226 0.20346,0,-0.97908 0,-1,0 0,-1,0 0.20346,0,-0.97908 0.068242,0,-0.99767 0.068242,0,-0.99767 -0.068242,0,-0.99767 -0.068242,0,-0.99767 -0.20346,0,-0.97908 -0.20346,0,-0.97908 -0.33488,0,-0.94226 -0.33488,0,-0.94226 -0.46007,0,-0.88789 -0.46007,0,-0.88789 -0.57668,0,-0.81697 -0.57668,0,-0.81697 -0.68255,0,-0.73084 -0.68255,0,-0.73084 -0.77571,0,-0.63109 -0.77571,0,-0.63109 -0.85442,0,-0.51958 -0.85442,0,-0.51958 -0.91721,0,-0.3984 -0.91721,0,-0.3984 -0.96292,0,-0.2698 -0.96292,0,-0.2698 -0.99069,0,-0.13617 -0.99069,0,-0.13617 -1,0,-1.2246E-16 0,-1,0 -1,0,-1.2246E-16 -0.99069,0,0.13617 0,-1,0 0,-1,0 -0.99069,0,0.13617 -0.96292,0,0.2698 0,-1,0 0,-1,0 -0.96292,0,0.2698 -0.91721,0,0.3984 0,-1,0 0,-1,0 -0.91721,0,0.3984 -0.85442,0,0.51958 0,-1,0 0,-1,0 -0.85442,0,0.51958 -0.77571,0,0.63109 0,-1,0 0,-1,0 -0.77571,0,0.63109 -0.68255,0,0.73084 0,-1,0 0,-1,0 -0.68255,0,0.73084 -0.57668,0,0.81697 0,-1,0 0,-1,0 -0.57668,0,0.81697 -0.46007,0,0.88789 0,-1,0 0,-1,0 -0.46007,0,0.88789 -0.33488,0,0.94226 0,-1,0 0,-1,0 -0.33488,0,0.94226 -0.20346,0,0.97908 0,-1,0 0,-1,0 -0.20346,0,0.97908 -0.068242,0,0.99767 -0.068242,0,0.99767 0.068242,0,0.99767 0.068242,0,0.99767 0.20346,0,0.97908 0.20346,0,0.97908 0.33488,0,0.94226 0.33488,0,0.94226 0.46007,0,0.88789 0.46007,0,0.88789 0.57668,0,0.81697 0.57668,0,0.81697 0.68255,0,0.73084 0.68255,0,0.73084 0.77571,0,0.63109 0.77571,0,0.63109 0.85442,0,0.51958 0.85442,0,0.51958 0.91721,0,0.3984 0.91721,0,0.3984 0.96292,0,0.2698 0.96292,0,0.2698 0,1,0 0,1,0 0,1,0 0,1,0 0,1,0 0,1,0 0,1,0 0,1,0 0,1,0 0,1,0 0,1,0 0,1,0 0,1,0 0,1,0 0,1,0 0,1,0 0,1,0 0,1,0 0,1,0 0,1,0 0,1,0 0,1,0 0,1,0 0,1,0 0,1,0 0,1,0 0,1,0 0,1,0 0,1,0 0,1,0 0,1,0 0,1,0 0,1,0 0,1,0 0,1,0 0,1,0 0,1,0 0,1,0 0,1,0 0,1,0 0,1,0 0,1,0 0,1,0 0,1,0 0,1,0 0,1,0 " TriangleIndices="0,1,2 3,4,5 6,0,2 7,6,2 8,9,4 8,4,3 10,11,1 12,5,13 0,10,1 12,3,5 14,15,11 16,13,17 10,14,11 12,13,16 18,19,15 20,17,21 14,18,15 16,17,20 22,23,19 24,21,25 18,22,19 20,21,24 26,27,23 28,25,29 22,26,23 24,25,28 30,31,27 32,29,33 26,30,27 28,29,32 34,35,31 36,33,37 30,34,31 32,33,36 38,39,35 40,37,41 34,38,35 36,37,40 42,43,39 44,41,45 38,42,39 40,41,44 46,47,43 48,45,49 42,46,43 44,45,48 50,49,51 48,49,50 52,51,53 50,51,52 54,53,55 52,53,54 56,55,57 54,55,56 58,57,59 56,57,58 60,59,61 58,59,60 62,61,63 60,61,62 64,63,65 62,63,64 66,65,67 64,65,66 68,67,69 66,67,68 70,69,71 68,69,70 72,71,73 70,71,72 7,74,6 75,73,76 72,73,75 77,78,74 79,76,80 7,77,74 75,76,79 81,82,78 83,80,84 77,81,78 79,80,83 85,86,82 87,84,88 81,85,82 83,84,87 89,90,86 91,88,92 85,89,86 87,88,91 93,94,90 95,92,96 89,93,90 91,92,95 97,98,94 99,96,100 93,97,94 95,96,99 101,102,98 103,100,104 97,101,98 99,100,103 105,106,102 107,104,108 101,105,102 103,104,107 109,110,106 111,108,112 105,109,106 107,108,111 113,114,110 115,112,116 109,113,110 111,112,115 117,116,118 115,116,117 119,118,120 117,118,119 121,120,122 119,120,121 123,122,124 121,122,123 125,124,126 123,124,125 127,126,128 125,126,127 129,128,130 127,128,129 131,130,132 129,130,131 133,132,134 131,132,133 135,134,136 133,134,135 137,136,9 135,136,137 137,9,8 138,139,140 141,138,140 142,141,140 143,144,139 138,143,139 145,146,144 143,145,144 147,148,146 145,147,146 149,150,148 147,149,148 151,152,150 149,151,150 153,154,152 151,153,152 155,156,154 153,155,154 157,158,156 155,157,156 159,160,158 157,159,158 161,162,160 159,161,160 142,163,141 164,165,163 142,164,163 166,167,165 164,166,165 168,169,167 166,168,167 170,171,169 168,170,169 172,173,171 170,172,171 174,175,173 172,174,173 176,177,175 174,176,175 178,179,177 176,178,177 180,181,179 178,180,179 182,183,181 180,182,181 " />
</GeometryModel3D>
</ModelVisual3D.Children>
