<ModelVisual3D.Children>
<GeometryModel3D>
<DiffuseMaterial>
<SolidColorBrush Color="#00FF00" Opacity="1.0000"/>
</DiffuseMaterial>
<SpecularMaterial>
<SolidColorBrush Color="#000000" Opacity="1.0000"/>
</SpecularMaterial>
<AmbientMaterial>
<SolidColorBrush Color="#000000" Opacity="1.0000"/>
</AmbientMaterial>
<EmissionMaterial>
<SolidColorBrush Color="#000000" Opacity="1.0000"/>
</EmissionMaterial>
<MeshGeometry3D Positions="0,0.65076,-1.3514 0,0.44248,-0.7664 0,-1.0838E-16,-0.885 -6.27,-1.0838E-16,-0.885 0,-1.0838E-16,-0.885 0,0.44248,-0.7664 0,0,-1.5 0,-0.44248,-0.7664 -6.27,-0.44248,-0.7664 0,-0.44248,-0.7664 0,0.76643,-0.4425 -6.27,0.44248,-0.7664 0,0.76643,-0.4425 0,1.1728,-0.93512 0,0.88496,-5.5511E-17 -6.27,0.76643,-0.4425 0,0.88496,-5.5511E-17 0,0.65076,1.3514 0,0.76643,0.4425 -6.27,0.88496,-5.5511E-17 0,0.76643,0.4425 0,0.44248,0.7664 -6.27,0.76643,0.4425 0,0.44248,0.7664 0,1.8369E-16,1.5 0,1.0838E-16,0.885 -6.27,0.44248,0.7664 0,1.0838E-16,0.885 0,-8,1.5 0,-0.44248,0.7664 -6.27,1.0838E-16,0.885 0,-0.44248,0.7664 0,-0.76643,0.4425 -6.27,-0.44248,0.7664 0,-0.76643,0.4425 0,-0.88496,1.6653E-16 -6.27,-0.76643,0.4425 0,-0.88496,1.6653E-16 0,-7.115,-5.5511E-17 0,-0.76643,-0.4425 -6.27,-0.88496,1.6653E-16 0,-0.76643,-0.4425 0,-7.2336,0.4425 -6.27,-0.76643,-0.4425 0,-7.5575,-0.7664 0,-8,-0.885 -6.27,-8,-0.885 0,-8,-0.885 0,-7.5575,-0.7664 0,-8,-1.5 0,-8.4425,-0.7664 -6.27,-8.4425,-0.7664 0,-8.4425,-0.7664 0,-7.2336,-0.4425 -6.27,-7.5575,-0.7664 0,-7.2336,-0.4425 -6.27,-7.2336,-0.4425 0,-7.115,-5.5511E-17 -6.27,-7.115,-5.5511E-17 0,-7.2336,0.4425 0,-7.5575,0.7664 -6.27,-7.2336,0.4425 0,-7.5575,0.7664 0,-8,0.885 -6.27,-7.5575,0.7664 0,-8,0.885 0,-8.6508,1.3514 0,-8.4425,0.7664 -6.27,-8,0.885 0,-8.4425,0.7664 0,-8.7664,0.4425 -6.27,-8.4425,0.7664 0,-8.7664,0.4425 0,-9.1728,0.93512 0,-8.885,1.6653E-16 -6.27,-8.7664,0.4425 0,-8.885,1.6653E-16 0,-8.6508,-1.3514 0,-8.7664,-0.4425 -6.27,-8.885,1.6653E-16 0,-8.7664,-0.4425 -6.27,-8.7664,-0.4425 -6.27,0,-1.5 0,0,-1.5 0,-8,-1.5 -6.27,0.65076,-1.3514 0,0.65076,-1.3514 -6.27,-8,-1.5 0,-8.6508,-1.3514 0,-9.1728,-0.93512 -6.27,-8.6508,-1.3514 0,-9.1728,-0.93512 0,-9.4623,0.33391 0,-9.4623,-0.33391 -6.27,-9.1728,-0.93512 0,-9.4623,-0.33391 -6.27,-9.4623,-0.33391 0,-9.4623,0.33391 -6.27,-9.4623,0.33391 0,-9.1728,0.93512 -6.27,-9.1728,0.93512 0,-8.6508,1.3514 -6.27,-8.6508,1.3514 0,-8,1.5 -6.27,-8,1.5 0,1.8369E-16,1.5 -6.27,1.8369E-16,1.5 0,0.65076,1.3514 0,1.1728,0.93512 -6.27,0.65076,1.3514 0,1.1728,0.93512 0,1.4623,-0.33391 0,1.4623,0.33391 -6.27,1.1728,0.93512 0,1.4623,0.33391 -6.27,1.4623,0.33391 0,1.4623,-0.33391 -6.27,1.4623,-0.33391 0,1.1728,-0.93512 -6.27,1.1728,-0.93512 -6.27,-8,-1.5 -6.27,-0.44248,-0.7664 -6.27,-1.0838E-16,-0.885 -6.27,0,-1.5 -6.27,0.44248,-0.7664 -6.27,-0.76643,-0.4425 -6.27,-0.88496,1.6653E-16 -6.27,-7.115,-5.5511E-17 -6.27,-0.76643,0.4425 -6.27,-7.2336,-0.4425 -6.27,1.8369E-16,1.5 -6.27,-0.44248,0.7664 -6.27,1.0838E-16,0.885 -6.27,0.65076,1.3514 -6.27,0.44248,0.7664 -6.27,0.76643,0.4425 -6.27,1.1728,0.93512 -6.27,0.88496,-5.5511E-17 -6.27,0.65076,-1.3514 -6.27,0.76643,-0.4425 -6.27,-8.6508,-1.3514 -6.27,-8.4425,-0.7664 -6.27,-8,-0.885 -6.27,-7.5575,-0.7664 -6.27,-8.7664,-0.4425 -6.27,-9.1728,-0.93512 -6.27,-8.885,1.6653E-16 -6.27,-8.6508,1.3514 -6.27,-8.7664,0.4425 -6.27,-8.4425,0.7664 -6.27,-8,1.5 -6.27,-8,0.885 -6.27,-7.5575,0.7664 -6.27,-7.2336,0.4425 -6.27,1.1728,-0.93512 -6.27,1.4623,0.33391 -6.27,1.4623,-0.33391 -6.27,-9.1728,0.93512 -6.27,-9.4623,-0.33391 -6.27,-9.4623,0.33391 " Normals="1,0,0 1,0,0 1,0,0 0,0,1 0,0,1 0,-0.5,0.86603 1,0,0 1,0,0 0,0.5,0.86603 0,0.5,0.86603 1,0,0 0,-0.5,0.86603 0,-0.86603,0.5 1,0,0 1,0,0 0,-0.86603,0.5 0,-1,6.123E-17 1,0,0 1,0,0 0,-1,6.123E-17 0,-0.86603,-0.5 1,0,0 0,-0.86603,-0.5 0,-0.5,-0.86603 1,0,0 1,0,0 0,-0.5,-0.86603 0,-1.2246E-16,-1 1,0,0 1,0,0 0,-1.2246E-16,-1 0,0.5,-0.86603 1,0,0 0,0.5,-0.86603 0,0.86603,-0.5 1,0,0 0,0.86603,-0.5 0,1,-1.8369E-16 1,0,0 1,0,0 0,1,-1.8369E-16 0,0.86603,0.5 1,0,0 0,0.86603,0.5 1,0,0 1,0,0 0,0,1 0,0,1 0,-0.5,0.86603 1,0,0 1,0,0 0,0.5,0.86603 0,0.5,0.86603 1,0,0 0,-0.5,0.86603 0,-0.86603,0.5 0,-0.86603,0.5 0,-1,6.123E-17 0,-1,6.123E-17 0,-0.86603,-0.5 1,0,0 0,-0.86603,-0.5 0,-0.5,-0.86603 1,0,0 0,-0.5,-0.86603 0,-1.2246E-16,-1 1,0,0 1,0,0 0,-1.2246E-16,-1 0,0.5,-0.86603 1,0,0 0,0.5,-0.86603 0,0.86603,-0.5 1,0,0 1,0,0 0,0.86603,-0.5 0,1,-1.8369E-16 1,0,0 1,0,0 0,1,-1.8369E-16 0,0.86603,0.5 0,0.86603,0.5 0,0,-1 0,0,-1 0,0,-1 0,0.43388,-0.90097 0,0.43388,-0.90097 0,-2.4492E-16,-1 0,-0.43388,-0.90097 1,0,0 0,-0.43388,-0.90097 0,-0.78183,-0.62349 1,0,0 1,0,0 0,-0.78183,-0.62349 0,-0.97493,-0.22252 0,-0.97493,-0.22252 0,-0.97493,0.22252 0,-0.97493,0.22252 0,-0.78183,0.62349 0,-0.78183,0.62349 0,-0.43388,0.90097 0,-0.43388,0.90097 0,1.2246E-16,1 0,0,1 0,0,1 0,1.2246E-16,1 0,0.43388,0.90097 1,0,0 0,0.43388,0.90097 0,0.78183,0.62349 1,0,0 1,0,0 0,0.78183,0.62349 0,0.97493,0.22252 0,0.97493,0.22252 0,0.97493,-0.22252 0,0.97493,-0.22252 0,0.78183,-0.62349 0,0.78183,-0.62349 -1,0,0 -1,0,0 -1,0,0 -1,0,0 -1,0,0 -1,0,0 -1,0,0 -1,0,0 -1,0,0 -1,0,0 -1,0,0 -1,0,0 -1,0,0 -1,0,0 -1,0,0 -1,0,0 -1,0,0 -1,0,0 -1,0,0 -1,0,0 -1,0,0 -1,0,0 -1,0,0 -1,0,0 -1,0,0 -1,0,0 -1,0,0 -1,0,0 -1,0,0 -1,0,0 -1,0,0 -1,0,0 -1,0,0 -1,0,0 -1,0,0 -1,0,0 -1,0,0 -1,0,0 -1,0,0 -1,0,0 " TriangleIndices="0,1,2 3,4,5 6,2,7 8,9,4 0,2,6 8,4,3 0,10,1 11,5,12 11,3,5 13,14,10 15,12,16 0,13,10 11,12,15 17,18,14 19,16,20 13,17,14 15,16,19 17,21,18 22,20,23 19,20,22 24,25,21 26,23,27 17,24,21 22,23,26 28,29,25 30,27,31 24,28,25 26,27,30 28,32,29 33,31,34 30,31,33 28,35,32 36,34,37 33,34,36 38,39,35 40,37,41 42,38,35 28,42,35 36,37,40 6,7,39 43,41,9 6,39,38 40,41,43 43,9,8 6,44,45 46,47,48 49,45,50 51,52,47 49,6,45 51,47,46 6,53,44 54,48,55 54,46,48 6,38,53 56,55,57 54,55,56 58,57,59 56,57,58 28,60,42 61,59,62 58,59,61 28,63,60 64,62,65 61,62,64 66,67,63 68,65,69 28,66,63 64,65,68 66,70,67 71,69,72 68,69,71 73,74,70 75,72,76 66,73,70 71,72,75 77,78,74 79,76,80 73,77,74 75,76,79 77,50,78 81,80,52 79,80,81 77,49,50 81,52,51 82,83,84 85,86,83 85,83,82 87,84,88 87,82,84 73,89,77 90,88,91 87,88,90 92,93,89 94,91,95 73,92,89 90,91,94 96,95,97 94,95,96 98,97,99 96,97,98 100,99,101 98,99,100 102,101,103 100,101,102 104,103,105 102,103,104 106,105,107 104,105,106 13,108,17 109,107,110 106,107,109 111,112,108 113,110,114 13,111,108 109,110,113 115,114,116 113,114,115 117,116,118 115,116,117 119,118,86 117,118,119 119,86,85 120,121,122 123,122,124 120,122,123 120,125,121 120,126,125 127,128,126 129,127,126 120,129,126 130,131,128 130,128,127 130,132,131 133,134,132 130,133,132 133,135,134 136,137,135 133,136,135 138,139,137 136,138,137 138,124,139 138,123,124 140,141,142 120,142,143 120,140,142 140,144,141 145,146,144 140,145,144 147,148,146 145,147,146 147,149,148 150,151,149 147,150,149 130,152,151 150,130,151 130,153,152 130,127,153 120,143,129 136,154,138 155,156,154 136,155,154 145,157,147 158,159,157 145,158,157 " />
</GeometryModel3D>
</ModelVisual3D.Children>
