<ModelVisual3D.Children>
<GeometryModel3D>
<DiffuseMaterial>
<SolidColorBrush Color="#0000F9" Opacity="1.0000"/>
</DiffuseMaterial>
<SpecularMaterial>
<SolidColorBrush Color="#4C0000" Opacity="1.0000"/>
</SpecularMaterial>
<AmbientMaterial>
<SolidColorBrush Color="#00FF00" Opacity="1.0000"/>
</AmbientMaterial>
<EmissionMaterial>
<SolidColorBrush Color="#000000" Opacity="1.0000"/>
</EmissionMaterial>
<MeshGeometry3D Positions="-1.7305,0,-0.26082 1.7305,0,-0.26082 1.75,0,2.1431E-16 1.75,20,2.1431E-16 1.75,0,2.1431E-16 1.7305,0,-0.26082 -1.75,0,-2.1431E-16 1.7305,0,0.26082 1.7305,20,0.26082 1.7305,0,0.26082 -1.6723,0,-0.51582 1.6723,0,-0.51582 1.7305,20,-0.26082 1.6723,0,-0.51582 -1.5767,0,-0.7593 1.5767,0,-0.7593 1.6723,20,-0.51582 1.5767,0,-0.7593 -1.4459,0,-0.98581 1.4459,0,-0.98581 1.5767,20,-0.7593 1.4459,0,-0.98581 -1.2828,0,-1.1903 1.2828,0,-1.1903 1.4459,20,-0.98581 1.2828,0,-1.1903 -1.0911,0,-1.3682 1.0911,0,-1.3682 1.2828,20,-1.1903 1.0911,0,-1.3682 -0.875,0,-1.5155 0.875,0,-1.5155 1.0911,20,-1.3682 0.875,0,-1.5155 -0.63935,0,-1.629 0.63935,0,-1.629 0.875,20,-1.5155 0.63935,0,-1.629 -0.38941,0,-1.7061 0.38941,0,-1.7061 0.63935,20,-1.629 0.38941,0,-1.7061 -0.13078,0,-1.7451 0.13078,0,-1.7451 0.38941,20,-1.7061 0.13078,0,-1.7451 0.13078,20,-1.7451 -0.13078,0,-1.7451 -0.13078,20,-1.7451 -0.38941,0,-1.7061 -0.38941,20,-1.7061 -0.63935,0,-1.629 -0.63935,20,-1.629 -0.875,0,-1.5155 -0.875,20,-1.5155 -1.0911,0,-1.3682 -1.0911,20,-1.3682 -1.2828,0,-1.1903 -1.2828,20,-1.1903 -1.4459,0,-0.98581 -1.4459,20,-0.98581 -1.5767,0,-0.7593 -1.5767,20,-0.7593 -1.6723,0,-0.51582 -1.6723,20,-0.51582 -1.7305,0,-0.26082 -1.7305,20,-0.26082 -1.75,0,-2.1431E-16 -1.7305,0,0.26082 -1.75,20,-2.1431E-16 -1.7305,0,0.26082 1.6723,0,0.51582 -1.6723,0,0.51582 -1.7305,20,0.26082 -1.6723,0,0.51582 1.5767,0,0.7593 -1.5767,0,0.7593 -1.6723,20,0.51582 -1.5767,0,0.7593 1.4459,0,0.98581 -1.4459,0,0.98581 -1.5767,20,0.7593 -1.4459,0,0.98581 1.2828,0,1.1903 -1.2828,0,1.1903 -1.4459,20,0.98581 -1.2828,0,1.1903 1.0911,0,1.3682 -1.0911,0,1.3682 -1.2828,20,1.1903 -1.0911,0,1.3682 0.875,0,1.5155 -0.875,0,1.5155 -1.0911,20,1.3682 -0.875,0,1.5155 0.63935,0,1.629 -0.63935,0,1.629 -0.875,20,1.5155 -0.63935,0,1.629 0.38941,0,1.7061 -0.38941,0,1.7061 -0.63935,20,1.629 -0.38941,0,1.7061 0.13078,0,1.7451 -0.13078,0,1.7451 -0.38941,20,1.7061 -0.13078,0,1.7451 -0.13078,20,1.7451 0.13078,0,1.7451 0.13078,20,1.7451 0.38941,0,1.7061 0.38941,20,1.7061 0.63935,0,1.629 0.63935,20,1.629 0.875,0,1.5155 0.875,20,1.5155 1.0911,0,1.3682 1.0911,20,1.3682 1.2828,0,1.1903 1.2828,20,1.1903 1.4459,0,0.98581 1.4459,20,0.98581 1.5767,0,0.7593 1.5767,20,0.7593 1.6723,0,0.51582 1.6723,20,0.51582 -1.7305,20,0.26082 1.7305,20,0.26082 1.75,20,2.1431E-16 -1.75,20,-2.1431E-16 1.7305,20,-0.26082 -1.6723,20,0.51582 1.6723,20,0.51582 -1.5767,20,0.7593 1.5767,20,0.7593 -1.4459,20,0.98581 1.4459,20,0.98581 -1.2828,20,1.1903 1.2828,20,1.1903 -1.0911,20,1.3682 1.0911,20,1.3682 -0.875,20,1.5155 0.875,20,1.5155 -0.63935,20,1.629 0.63935,20,1.629 -0.38941,20,1.7061 0.38941,20,1.7061 -0.13078,20,1.7451 0.13078,20,1.7451 -1.7305,20,-0.26082 1.6723,20,-0.51582 -1.6723,20,-0.51582 1.5767,20,-0.7593 -1.5767,20,-0.7593 1.4459,20,-0.98581 -1.4459,20,-0.98581 1.2828,20,-1.1903 -1.2828,20,-1.1903 1.0911,20,-1.3682 -1.0911,20,-1.3682 0.875,20,-1.5155 -0.875,20,-1.5155 0.63935,20,-1.629 -0.63935,20,-1.629 0.38941,20,-1.7061 -0.38941,20,-1.7061 0.13078,20,-1.7451 -0.13078,20,-1.7451 " Normals="0,-1,0 0,-1,0 0,-1,0 1,0,0 1,0,0 0.98883,0,-0.14904 0,-1,0 0,-1,0 0.98883,0,0.14904 0.98883,0,0.14904 0,-1,0 0,-1,0 0.98883,0,-0.14904 0.95557,0,-0.29476 0,-1,0 0,-1,0 0.95557,0,-0.29476 0.90097,0,-0.43388 0,-1,0 0,-1,0 0.90097,0,-0.43388 0.82624,0,-0.56332 0,-1,0 0,-1,0 0.82624,0,-0.56332 0.73305,0,-0.68017 0,-1,0 0,-1,0 0.73305,0,-0.68017 0.62349,0,-0.78183 0,-1,0 0,-1,0 0.62349,0,-0.78183 0.5,0,-0.86603 0,-1,0 0,-1,0 0.5,0,-0.86603 0.36534,0,-0.93087 0,-1,0 0,-1,0 0.36534,0,-0.93087 0.22252,0,-0.97493 0,-1,0 0,-1,0 0.22252,0,-0.97493 0.07473,0,-0.9972 0.07473,0,-0.9972 -0.07473,0,-0.9972 -0.07473,0,-0.9972 -0.22252,0,-0.97493 -0.22252,0,-0.97493 -0.36534,0,-0.93087 -0.36534,0,-0.93087 -0.5,0,-0.86603 -0.5,0,-0.86603 -0.62349,0,-0.78183 -0.62349,0,-0.78183 -0.73305,0,-0.68017 -0.73305,0,-0.68017 -0.82624,0,-0.56332 -0.82624,0,-0.56332 -0.90097,0,-0.43388 -0.90097,0,-0.43388 -0.95557,0,-0.29476 -0.95557,0,-0.29476 -0.98883,0,-0.14904 -0.98883,0,-0.14904 -1,0,-1.2246E-16 0,-1,0 -1,0,-1.2246E-16 -0.98883,0,0.14904 0,-1,0 0,-1,0 -0.98883,0,0.14904 -0.95557,0,0.29476 0,-1,0 0,-1,0 -0.95557,0,0.29476 -0.90097,0,0.43388 0,-1,0 0,-1,0 -0.90097,0,0.43388 -0.82624,0,0.56332 0,-1,0 0,-1,0 -0.82624,0,0.56332 -0.73305,0,0.68017 0,-1,0 0,-1,0 -0.73305,0,0.68017 -0.62349,0,0.78183 0,-1,0 0,-1,0 -0.62349,0,0.78183 -0.5,0,0.86603 0,-1,0 0,-1,0 -0.5,0,0.86603 -0.36534,0,0.93087 0,-1,0 0,-1,0 -0.36534,0,0.93087 -0.22252,0,0.97493 0,-1,0 0,-1,0 -0.22252,0,0.97493 -0.07473,0,0.9972 -0.07473,0,0.9972 0.07473,0,0.9972 0.07473,0,0.9972 0.22252,0,0.97493 0.22252,0,0.97493 0.36534,0,0.93087 0.36534,0,0.93087 0.5,0,0.86603 0.5,0,0.86603 0.62349,0,0.78183 0.62349,0,0.78183 0.73305,0,0.68017 0.73305,0,0.68017 0.82624,0,0.56332 0.82624,0,0.56332 0.90097,0,0.43388 0.90097,0,0.43388 0.95557,0,0.29476 0.95557,0,0.29476 0,1,0 0,1,0 0,1,0 0,1,0 0,1,0 0,1,0 0,1,0 0,1,0 0,1,0 0,1,0 0,1,0 0,1,0 0,1,0 0,1,0 0,1,0 0,1,0 0,1,0 0,1,0 0,1,0 0,1,0 0,1,0 0,1,0 0,1,0 0,1,0 0,1,0 0,1,0 0,1,0 0,1,0 0,1,0 0,1,0 0,1,0 0,1,0 0,1,0 0,1,0 0,1,0 0,1,0 0,1,0 0,1,0 0,1,0 0,1,0 0,1,0 0,1,0 " TriangleIndices="0,1,2 3,4,5 6,0,2 7,6,2 8,9,4 8,4,3 10,11,1 12,5,13 0,10,1 12,3,5 14,15,11 16,13,17 10,14,11 12,13,16 18,19,15 20,17,21 14,18,15 16,17,20 22,23,19 24,21,25 18,22,19 20,21,24 26,27,23 28,25,29 22,26,23 24,25,28 30,31,27 32,29,33 26,30,27 28,29,32 34,35,31 36,33,37 30,34,31 32,33,36 38,39,35 40,37,41 34,38,35 36,37,40 42,43,39 44,41,45 38,42,39 40,41,44 46,45,47 44,45,46 48,47,49 46,47,48 50,49,51 48,49,50 52,51,53 50,51,52 54,53,55 52,53,54 56,55,57 54,55,56 58,57,59 56,57,58 60,59,61 58,59,60 62,61,63 60,61,62 64,63,65 62,63,64 66,65,67 64,65,66 7,68,6 69,67,70 66,67,69 71,72,68 73,70,74 7,71,68 69,70,73 75,76,72 77,74,78 71,75,72 73,74,77 79,80,76 81,78,82 75,79,76 77,78,81 83,84,80 85,82,86 79,83,80 81,82,85 87,88,84 89,86,90 83,87,84 85,86,89 91,92,88 93,90,94 87,91,88 89,90,93 95,96,92 97,94,98 91,95,92 93,94,97 99,100,96 101,98,102 95,99,96 97,98,101 103,104,100 105,102,106 99,103,100 101,102,105 107,106,108 105,106,107 109,108,110 107,108,109 111,110,112 109,110,111 113,112,114 111,112,113 115,114,116 113,114,115 117,116,118 115,116,117 119,118,120 117,118,119 121,120,122 119,120,121 123,122,124 121,122,123 125,124,9 123,124,125 125,9,8 126,127,128 129,126,128 130,129,128 131,132,127 126,131,127 133,134,132 131,133,132 135,136,134 133,135,134 137,138,136 135,137,136 139,140,138 137,139,138 141,142,140 139,141,140 143,144,142 141,143,142 145,146,144 143,145,144 147,148,146 145,147,146 130,149,129 150,151,149 130,150,149 152,153,151 150,152,151 154,155,153 152,154,153 156,157,155 154,156,155 158,159,157 156,158,157 160,161,159 158,160,159 162,163,161 160,162,161 164,165,163 162,164,163 166,167,165 164,166,165 " />
</GeometryModel3D>
</ModelVisual3D.Children>
