<ModelVisual3D.Children>
<GeometryModel3D>
<DiffuseMaterial>
<SolidColorBrush Color="#0000FF" Opacity="1.0000"/>
</DiffuseMaterial>
<SpecularMaterial>
<SolidColorBrush Color="#000000" Opacity="1.0000"/>
</SpecularMaterial>
<AmbientMaterial>
<SolidColorBrush Color="#000000" Opacity="1.0000"/>
</AmbientMaterial>
<EmissionMaterial>
<SolidColorBrush Color="#000000" Opacity="1.0000"/>
</EmissionMaterial>
<MeshGeometry3D Positions="-0.86171,0,-0.1519 0.86171,0,-0.1519 0.875,0,1.0715E-16 0.875,20.63,1.0715E-16 0.875,0,1.0715E-16 0.86171,0,-0.1519 -0.875,0,-1.0715E-16 0.86171,0,0.1519 0.86171,20.63,0.1519 0.86171,0,0.1519 -0.82224,0,-0.29923 0.82224,0,-0.29923 0.86171,20.63,-0.1519 0.82224,0,-0.29923 -0.75776,0,-0.43749 0.75776,0,-0.43749 0.82224,20.63,-0.29923 0.75776,0,-0.43749 -0.67026,0,-0.56246 0.67026,0,-0.56246 0.75776,20.63,-0.43749 0.67026,0,-0.56246 -0.5624,0,-0.67032 0.5624,0,-0.67032 0.67026,20.63,-0.56246 0.5624,0,-0.67032 -0.4375,0,-0.75777 0.4375,0,-0.75777 0.5624,20.63,-0.67032 0.4375,0,-0.75777 -0.29931,0,-0.82221 0.29931,0,-0.82221 0.4375,20.63,-0.75777 0.29931,0,-0.82221 -0.15198,0,-0.86169 0.15198,0,-0.86169 0.29931,20.63,-0.82221 0.15198,0,-0.86169 4.8572E-17,0,-0.87499 0.15198,20.63,-0.86169 4.8572E-17,0,-0.87499 4.8572E-17,20.63,-0.87499 -0.15198,0,-0.86169 -0.15198,20.63,-0.86169 -0.29931,0,-0.82221 -0.29931,20.63,-0.82221 -0.4375,0,-0.75777 -0.4375,20.63,-0.75777 -0.5624,0,-0.67032 -0.5624,20.63,-0.67032 -0.67026,0,-0.56246 -0.67026,20.63,-0.56246 -0.75776,0,-0.43749 -0.75776,20.63,-0.43749 -0.82224,0,-0.29923 -0.82224,20.63,-0.29923 -0.86171,0,-0.1519 -0.86171,20.63,-0.1519 -0.875,0,-1.0715E-16 -0.86171,0,0.1519 -0.875,20.63,-1.0715E-16 -0.86171,0,0.1519 0.82224,0,0.29923 -0.82224,0,0.29923 -0.86171,20.63,0.1519 -0.82224,0,0.29923 0.75776,0,0.43749 -0.75776,0,0.43749 -0.82224,20.63,0.29923 -0.75776,0,0.43749 0.67026,0,0.56246 -0.67026,0,0.56246 -0.75776,20.63,0.43749 -0.67026,0,0.56246 0.5624,0,0.67032 -0.5624,0,0.67032 -0.67026,20.63,0.56246 -0.5624,0,0.67032 0.4375,0,0.75777 -0.4375,0,0.75777 -0.5624,20.63,0.67032 -0.4375,0,0.75777 0.29931,0,0.82221 -0.29931,0,0.82221 -0.4375,20.63,0.75777 -0.29931,0,0.82221 0.15198,0,0.86169 -0.15198,0,0.86169 -0.29931,20.63,0.82221 -0.15198,0,0.86169 -1.5959E-16,0,0.87499 -0.15198,20.63,0.86169 -1.5959E-16,0,0.87499 -1.5959E-16,20.63,0.87499 0.15198,0,0.86169 0.15198,20.63,0.86169 0.29931,0,0.82221 0.29931,20.63,0.82221 0.4375,0,0.75777 0.4375,20.63,0.75777 0.5624,0,0.67032 0.5624,20.63,0.67032 0.67026,0,0.56246 0.67026,20.63,0.56246 0.75776,0,0.43749 0.75776,20.63,0.43749 0.82224,0,0.29923 0.82224,20.63,0.29923 -0.86171,20.63,0.1519 0.86171,20.63,0.1519 0.875,20.63,1.0715E-16 -0.875,20.63,-1.0715E-16 0.86171,20.63,-0.1519 -0.82224,20.63,0.29923 0.82224,20.63,0.29923 -0.75776,20.63,0.43749 0.75776,20.63,0.43749 -0.67026,20.63,0.56246 0.67026,20.63,0.56246 -0.5624,20.63,0.67032 0.5624,20.63,0.67032 -0.4375,20.63,0.75777 0.4375,20.63,0.75777 -0.29931,20.63,0.82221 0.29931,20.63,0.82221 -0.15198,20.63,0.86169 0.15198,20.63,0.86169 -1.5959E-16,20.63,0.87499 -0.86171,20.63,-0.1519 0.82224,20.63,-0.29923 -0.82224,20.63,-0.29923 0.75776,20.63,-0.43749 -0.75776,20.63,-0.43749 0.67026,20.63,-0.56246 -0.67026,20.63,-0.56246 0.5624,20.63,-0.67032 -0.5624,20.63,-0.67032 0.4375,20.63,-0.75777 -0.4375,20.63,-0.75777 0.29931,20.63,-0.82221 -0.29931,20.63,-0.82221 0.15198,20.63,-0.86169 -0.15198,20.63,-0.86169 4.8572E-17,20.63,-0.87499 " Normals="0,-1,0 0,-1,0 0,-1,0 1,0,0 1,0,0 0.98481,0,-0.17365 0,-1,0 0,-1,0 0.98481,0,0.17365 0.98481,0,0.17365 0,-1,0 0,-1,0 0.98481,0,-0.17365 0.93969,0,-0.34202 0,-1,0 0,-1,0 0.93969,0,-0.34202 0.86603,0,-0.5 0,-1,0 0,-1,0 0.86603,0,-0.5 0.76604,0,-0.64279 0,-1,0 0,-1,0 0.76604,0,-0.64279 0.64279,0,-0.76604 0,-1,0 0,-1,0 0.64279,0,-0.76604 0.5,0,-0.86603 0,-1,0 0,-1,0 0.5,0,-0.86603 0.34202,0,-0.93969 0,-1,0 0,-1,0 0.34202,0,-0.93969 0.17365,0,-0.98481 0,-1,0 0.17365,0,-0.98481 6.123E-17,0,-1 6.123E-17,0,-1 -0.17365,0,-0.98481 -0.17365,0,-0.98481 -0.34202,0,-0.93969 -0.34202,0,-0.93969 -0.5,0,-0.86603 -0.5,0,-0.86603 -0.64279,0,-0.76604 -0.64279,0,-0.76604 -0.76604,0,-0.64279 -0.76604,0,-0.64279 -0.86603,0,-0.5 -0.86603,0,-0.5 -0.93969,0,-0.34202 -0.93969,0,-0.34202 -0.98481,0,-0.17365 -0.98481,0,-0.17365 -1,0,-1.2246E-16 0,-1,0 -1,0,-1.2246E-16 -0.98481,0,0.17365 0,-1,0 0,-1,0 -0.98481,0,0.17365 -0.93969,0,0.34202 0,-1,0 0,-1,0 -0.93969,0,0.34202 -0.86603,0,0.5 0,-1,0 0,-1,0 -0.86603,0,0.5 -0.76604,0,0.64279 0,-1,0 0,-1,0 -0.76604,0,0.64279 -0.64279,0,0.76604 0,-1,0 0,-1,0 -0.64279,0,0.76604 -0.5,0,0.86603 0,-1,0 0,-1,0 -0.5,0,0.86603 -0.34202,0,0.93969 0,-1,0 0,-1,0 -0.34202,0,0.93969 -0.17365,0,0.98481 0,-1,0 -0.17365,0,0.98481 -1.8369E-16,0,1 -1.8369E-16,0,1 0.17365,0,0.98481 0.17365,0,0.98481 0.34202,0,0.93969 0.34202,0,0.93969 0.5,0,0.86603 0.5,0,0.86603 0.64279,0,0.76604 0.64279,0,0.76604 0.76604,0,0.64279 0.76604,0,0.64279 0.86603,0,0.5 0.86603,0,0.5 0.93969,0,0.34202 0.93969,0,0.34202 0,1,0 0,1,0 0,1,0 0,1,0 0,1,0 0,1,0 0,1,0 0,1,0 0,1,0 0,1,0 0,1,0 0,1,0 0,1,0 0,1,0 0,1,0 0,1,0 0,1,0 0,1,0 0,1,0 0,1,0 0,1,0 0,1,0 0,1,0 0,1,0 0,1,0 0,1,0 0,1,0 0,1,0 0,1,0 0,1,0 0,1,0 0,1,0 0,1,0 0,1,0 0,1,0 0,1,0 " TriangleIndices="0,1,2 3,4,5 6,0,2 7,6,2 8,9,4 8,4,3 10,11,1 12,5,13 0,10,1 12,3,5 14,15,11 16,13,17 10,14,11 12,13,16 18,19,15 20,17,21 14,18,15 16,17,20 22,23,19 24,21,25 18,22,19 20,21,24 26,27,23 28,25,29 22,26,23 24,25,28 30,31,27 32,29,33 26,30,27 28,29,32 34,35,31 36,33,37 30,34,31 32,33,36 34,38,35 39,37,40 36,37,39 41,40,42 39,40,41 43,42,44 41,42,43 45,44,46 43,44,45 47,46,48 45,46,47 49,48,50 47,48,49 51,50,52 49,50,51 53,52,54 51,52,53 55,54,56 53,54,55 57,56,58 55,56,57 7,59,6 60,58,61 57,58,60 62,63,59 64,61,65 7,62,59 60,61,64 66,67,63 68,65,69 62,66,63 64,65,68 70,71,67 72,69,73 66,70,67 68,69,72 74,75,71 76,73,77 70,74,71 72,73,76 78,79,75 80,77,81 74,78,75 76,77,80 82,83,79 84,81,85 78,82,79 80,81,84 86,87,83 88,85,89 82,86,83 84,85,88 86,90,87 91,89,92 88,89,91 93,92,94 91,92,93 95,94,96 93,94,95 97,96,98 95,96,97 99,98,100 97,98,99 101,100,102 99,100,101 103,102,104 101,102,103 105,104,106 103,104,105 107,106,9 105,106,107 107,9,8 108,109,110 111,108,110 112,111,110 113,114,109 108,113,109 115,116,114 113,115,114 117,118,116 115,117,116 119,120,118 117,119,118 121,122,120 119,121,120 123,124,122 121,123,122 125,126,124 123,125,124 125,127,126 112,128,111 129,130,128 112,129,128 131,132,130 129,131,130 133,134,132 131,133,132 135,136,134 133,135,134 137,138,136 135,137,136 139,140,138 137,139,138 141,142,140 139,141,140 141,143,142 " />
</GeometryModel3D>
</ModelVisual3D.Children>
