<ModelVisual3D.Children>
<GeometryModel3D>
<DiffuseMaterial>
<SolidColorBrush Color="#7D7C7D" Opacity="1.0000"/>
</DiffuseMaterial>
<SpecularMaterial>
<SolidColorBrush Color="#000000" Opacity="1.0000"/>
</SpecularMaterial>
<AmbientMaterial>
<SolidColorBrush Color="#FFFFFF" Opacity="1.0000"/>
</AmbientMaterial>
<EmissionMaterial>
<SolidColorBrush Color="#000000" Opacity="1.0000"/>
</EmissionMaterial>
<MeshGeometry3D Positions="9.160244,-1.018506,12 9.160244,-1.018506,-12 8.172136,7.449502,12 8.172136,7.449502,-12 3.195595,-8.682926,12 3.195595,-8.682926,-12 9.160244,-1.018506,12 9.160244,-1.018506,-12 8.172136,7.449502,12 8.172136,7.449502,-12 -1.316523,15.11386,12 -1.316523,15.11386,-12 -1.316523,15.11386,12 -1.316523,15.11386,-12 -4.375184,13.91562,12 -4.375184,13.91562,-12 -8.610084,-9.671883,12 -8.610084,-9.671883,-12 3.195595,-8.682926,12 3.195595,-8.682926,-12 -16.62922,-9.671883,12 -16.62922,-9.671883,-12 -8.610084,-9.671883,12 -8.610084,-9.671883,-12 -8.610084,-9.671883,-12 -16.62922,-9.671883,-12 -4.375184,13.91562,-12 9.160244,-1.018506,-12 3.195595,-8.682926,-12 8.172136,7.449502,-12 -1.316523,15.11386,-12 -4.375184,13.91562,12 -16.62922,-9.671883,12 -8.610084,-9.671883,12 -1.316523,15.11386,12 8.172136,7.449502,12 9.160244,-1.018506,12 3.195595,-8.682926,12 -16.1097,-8.671883,-11 -16.62922,-9.671883,-12 -16.62922,-9.671883,12 -4.375184,13.91562,-12 -5.075714,12.56718,-11 -4.375184,13.91562,12 -5.075714,12.56718,11 -16.1097,-8.671883,11 -1.492827,13.97079,-11 -1.492827,13.97079,11 -5.075714,12.56718,-11 -5.075714,12.56718,11 7.226192,6.928104,-11 7.226192,6.928104,11 -1.492827,13.97079,-11 -1.492827,13.97079,11 8.119512,-0.727582,-11 8.119512,-0.727582,11 7.226192,6.928104,-11 7.226192,6.928104,11 2.675504,-7.722991,-11 2.675504,-7.722991,11 8.119512,-0.727582,-11 8.119512,-0.727582,11 -8.651896,-8.671883,-11 -8.651896,-8.671883,11 2.675504,-7.722991,-11 2.675504,-7.722991,11 -16.1097,-8.671883,-11 -16.1097,-8.671883,11 -8.651896,-8.671883,-11 -8.651896,-8.671883,11 -5.075714,12.56718,-11 -16.1097,-8.671883,-11 -8.651896,-8.671883,-11 -1.492827,13.97079,-11 7.226192,6.928104,-11 8.119512,-0.727582,-11 2.675504,-7.722991,-11 -8.651896,-8.671883,11 -16.1097,-8.671883,11 -5.075714,12.56718,11 8.119512,-0.727582,11 2.675504,-7.722991,11 7.226192,6.928104,11 -1.492827,13.97079,11 " Normals="0.993261,0.115901,0 0.993261,0.115901,0 0.993261,0.115901,0 0.993261,0.115901,0 0.789181,-0.614161,0 0.789181,-0.614161,0 0.789181,-0.614161,0 0.789181,-0.614161,0 0.628359,0.777923,0 0.628359,0.777923,0 0.628359,0.777923,0 0.628359,0.777923,0 -0.364763,0.9311,0 -0.364763,0.9311,0 -0.364763,0.9311,0 -0.364763,0.9311,0 0.083477,-0.99651,0 0.083477,-0.99651,0 0.083477,-0.99651,0 0.083477,-0.99651,0 0,-1,0 0,-1,0 0,-1,0 0,-1,0 0,0,-1 0,0,-1 0,0,-1 0,0,-1 0,0,-1 0,0,-1 0,0,-1 0,0,1 0,0,1 0,0,1 0,0,1 0,0,1 0,0,1 0,0,1 -0.887393,0.461013,0 -0.887393,0.461013,0 -0.887393,0.461013,0 -0.887393,0.461013,0 -0.887393,0.461013,0 -0.887393,0.461013,0 -0.887393,0.461013,0 -0.887393,0.461013,0 0.364763,-0.9311,0 0.364763,-0.9311,0 0.364763,-0.9311,0 0.364763,-0.9311,0 -0.628359,-0.777923,0 -0.628359,-0.777923,0 -0.628359,-0.777923,0 -0.628359,-0.777923,0 -0.993261,-0.115901,0 -0.993261,-0.115901,0 -0.993261,-0.115901,0 -0.993261,-0.115901,0 -0.789181,0.614161,0 -0.789181,0.614161,0 -0.789181,0.614161,0 -0.789181,0.614161,0 -0.083477,0.99651,0 -0.083477,0.99651,0 -0.083477,0.99651,0 -0.083477,0.99651,0 0,1,0 0,1,0 0,1,0 0,1,0 0,0,1 0,0,1 0,0,1 0,0,1 0,0,1 0,0,1 0,0,1 0,0,-1 0,0,-1 0,0,-1 0,0,-1 0,0,-1 0,0,-1 0,0,-1 " TriangleIndices="0,1,2 3,2,1 4,5,6 7,6,5 8,9,10 11,10,9 12,13,14 15,14,13 16,17,18 19,18,17 20,21,22 23,22,21 24,25,26 27,28,29 24,29,28 29,24,30 26,30,24 31,32,33 34,31,35 33,35,31 35,33,36 37,36,33 38,39,40 39,38,41 42,41,38 41,42,43 44,43,42 43,44,40 45,40,44 40,45,38 46,47,48 49,48,47 50,51,52 53,52,51 54,55,56 57,56,55 58,59,60 61,60,59 62,63,64 65,64,63 66,67,68 69,68,67 70,71,72 73,70,74 72,74,70 74,72,75 76,75,72 77,78,79 80,81,82 77,82,81 82,77,83 79,83,77 " />
</GeometryModel3D>
</ModelVisual3D.Children>
